train_loss: -0.004199412009194494
test_loss: -0.0042709999750057855
accuracy: 0.4271
